data/epinect_map.asc
ncols        61
nrows        81
xllcorner    -27.000000000000
yllcorner    5.000000000000
cellsize     0.250000000000
NODATA_value  9999
[rows 17 to 33 of 81, columns 0 to 38 of 61]
2.1980059146881103516 2.0962462425231933594 2.1977369785308837891 2.4558796882629394531 2.8285083770751953125 3.0781865119934082031 2.9772791862487792969 2.7603085041046142578 2.5712752342224121094 2.5021824836730957031 2.5791251659393310547 2.8140490055084228516 3.2224895954132080078 3.6172568798065185547 2.9708683490753173828 2.8128271102905273438 2.4896521568298339844 2.6719419956207275391 3.3128254413604736328 3.1788997650146484375 2.8906335830688476562 2.6331908702850341797 3.2771706581115722656 2.7751009464263916016 2.2574505805969238281 2.33506011962890625 3.3519670963287353516 3.6917059421539306641 4.1204071044921875 4.7779874801635742188 5.2664127349853515625 6.4552583694458007812 6.0601835250854492188 5.0314607620239257812 4.6233792304992675781 4.8446197509765625 5.6701307296752929688 6.8401055335998535156 6.3946385383605957031
2.2904300689697265625 2.3184218406677246094 2.4990205764770507812 2.8156199455261230469 3.1910414695739746094 3.4481229782104492188 3.5401730537414550781 3.3303849697113037109 3.0462400913238525391 2.8239614963531494141 2.7223832607269287109 2.7434675693511962891 2.8958508968353271484 3.2174844741821289062 3.46233367919921875 3.1312103271484375 2.7949082851409912109 3.0362660884857177734 3.6264207363128662109 3.5622568130493164062 3.0576143264770507812 2.58496856689453125 2.5824146270751953125 2.7807166576385498047 2.3856825828552246094 2.3703260421752929688 2.8937311172485351562 3.4614048004150390625 4.337902069091796875 4.9134521484375 5.2622509002685546875 5.2358641624450683594 5.0087952613830566406 4.7367382049560546875 4.6962389945983886719 5.2090597152709960938 6.3979706764221191406 7.6829786300659179688 7.8929758071899414062
2.3878839015960693359 2.5278906822204589844 2.7709126472473144531 3.0555164813995361328 3.2958157062530517578 3.4452266693115234375 3.6520037651062011719 3.7666947841644287109 3.6184828281402587891 3.3819079399108886719 3.159221649169921875 3.0196299552917480469 3.0342159271240234375 3.2896845340728759766 3.7791392803192138672 3.4751734733581542969 3.1554710865020751953 3.4182112216949462891 4.015346527099609375 4.1376399993896484375 3.3830273151397705078 2.7504112720489501953 2.5475363731384277344 2.5540597438812255859 2.4127902984619140625 2.5130136013031005859 3.0445539951324462891 3.9700505733489990234 5.2875213623046875 5.2592983245849609375 4.8984799385070800781 4.9124383926391601562 4.7910151481628417969 4.6178154945373535156 4.6964979171752929688 5.3859577178955078125 6.845180511474609375 7.928394317626953125 7.097309112548828125
2.4444277286529541016 2.6080887317657470703 2.8464097976684570312 3.0448627471923828125 3.1530683040618896484 3.2553424835205078125 3.4741342067718505859 3.6739685535430908203 3.7643911838531494141 3.7828423976898193359 3.7089605331420898438 3.4510946273803710938 3.3169176578521728516 3.3787784576416015625 3.5692698955535888672 3.62896728515625 3.4347941875457763672 3.7771289348602294922 4.5409984588623046875 4.8964509963989257812 3.9572637081146240234 3.1754779815673828125 2.8812305927276611328 2.8600497245788574219 2.8081450462341308594 3.1377358436584472656 3.9608619213104248047 5.2710041999816894531 5.4642329216003417969 5.2496380805969238281 5.0523004531860351562 5.0956206321716308594 5.0758242607116699219 4.8474102020263671875 4.8077392578125 5.2355518341064453125 6.1425900459289550781 7.3464331626892089844 8.3889322280883789062
2.2363021373748779297 2.6250736713409423828 2.7081975936889648438 2.7905728816986083984 2.8401703834533691406 2.9622983932495117188 3.0303895473480224609 3.3231799602508544922 3.3522250652313232422 3.6999571323394775391 4.4946374893188476562 3.94647216796875 3.6071758270263671875 3.4988381862640380859 3.5534029006958007812 3.6334640979766845703 3.6573612689971923828 4.1320157051086425781 5.0491557121276855469 5.5864481925964355469 4.6690530776977539062 3.8326849937438964844 3.5286712646484375 3.6551036834716796875 3.8426320552825927734 4.4171967506408691406 5.5260877609252929688 6.199588775634765625 5.8692603111267089844 5.6385636329650878906 5.4458284378051757812 5.2535753250122070312 5.0534954071044921875 4.9505548477172851562 4.91709136962890625 5.0437035560607910156 5.3645792007446289062 6.186664581298828125 7.6715130805969238281
2.1323854923248291016 2.3613555431365966797 2.5201504230499267578 2.4887306690216064453 2.5070478916168212891 2.5545597076416015625 2.7124719619750976562 2.7672128677368164062 2.9975059032440185547 3.6359488964080810547 4.7168021202087402344 4.8124384880065917969 3.9835252761840820312 3.6359415054321289062 3.5622537136077880859 3.6688489913940429688 3.9202654361724853516 4.5455317497253417969 5.4758648872375488281 5.6164484024047851562 4.9884662628173828125 4.2693190574645996094 3.9616515636444091797 4.2126283645629882812 5.0604543685913085938 5.6947965621948242188 5.8914546966552734375 5.7248449325561523438 5.8950529098510742188 5.9216508865356445312 5.5235052108764648438 5.0422320365905761719 4.7345409393310546875 4.715152740478515625 4.7951598167419433594 4.859363555908203125 4.961986541748046875 5.3844633102416992188 6.5520310401916503906
2.2156882286071777344 2.1773538589477539062 2.2581341266632080078 2.3018753528594970703 2.3630533218383789062 2.3660848140716552734 2.3963065147399902344 2.5375890731811523438 2.9332365989685058594 3.6236746311187744141 4.1851267814636230469 4.1318159103393554688 4.1677103042602539062 3.7749466896057128906 3.6764430999755859375 3.8428390026092529297 4.2779321670532226562 5.0209074020385742188 5.8020753860473632812 4.9284205436706542969 4.7318639755249023438 4.2508821487426757812 3.8291139602661132812 3.7551920413970947266 4.0319037437438964844 4.349170684814453125 4.557369232177734375 4.9182610511779785156 5.4595675468444824219 5.8098235130310058594 5.625751495361328125 4.9946560859680175781 4.3764705657958984375 4.3585567474365234375 4.429653167724609375 4.4872608184814453125 4.6812987327575683594 4.9294371604919433594 5.6568140983581542969
2.2749423980712890625 2.2637059688568115234 2.1832954883575439453 2.1970396041870117188 2.2484714984893798828 2.2559940814971923828 2.357456207275390625 2.6955039501190185547 3.5353388786315917969 3.7114477157592773438 3.6376309394836425781 3.6350207328796386719 3.6160938739776611328 3.6641900539398193359 3.7024302482604980469 4.0335640907287597656 4.6100316047668457031 5.3872885704040527344 5.5267767906188964844 4.409511566162109375 4.1434311866760253906 3.9557895660400390625 3.5601227283477783203 3.4121298789978027344 3.4271152019500732422 3.5402786731719970703 3.7290990352630615234 4.0714745521545410156 4.6121797561645507812 5.2021632194519042969 5.4126524925231933594 4.9554753303527832031 4.3516860008239746094 4.0519938468933105469 3.90314483642578125 3.9870395660400390625 4.3678088188171386719 4.7194552421569824219 5.1587786674499511719
2.3462557792663574219 2.6383464336395263672 2.4453194141387939453 2.3497307300567626953 2.3848428726196289062 2.3718729019165039062 2.5755026340484619141 3.3496272563934326172 3.6954762935638427734 3.3065137863159179688 3.2350037097930908203 3.2740452289581298828 3.2753586769104003906 3.3698186874389648438 3.4804933071136474609 3.9380419254302978516 4.5301547050476074219 4.9797010421752929688 4.4167351722717285156 3.9520180225372314453 3.7141184806823730469 3.4382240772247314453 3.2121503353118896484 3.1250290870666503906 3.0622007846832275391 3.0657041072845458984 3.2075181007385253906 3.4672491550445556641 3.7929403781890869141 4.1497359275817871094 4.4314322471618652344 4.54436492919921875 4.4773793220520019531 3.8843050003051757812 3.4693627357482910156 3.4864661693572998047 4.1804800033569335938 4.7131643295288085938 5.0022454261779785156
2.7086710929870605469 2.9422729015350341797 3.3253614902496337891 2.8726589679718017578 2.66790771484375 2.6617138385772705078 3.1099057197570800781 3.428089141845703125 3.0070159435272216797 2.9074585437774658203 2.9696817398071289062 3.0578362941741943359 3.1509850025177001953 2.9672400951385498047 3.0207564830780029297 3.3009068965911865234 3.8329451084136962891 4.0062956809997558594 3.7293746471405029297 3.6382415294647216797 3.3281610012054443359 3.0741171836853027344 2.9064943790435791016 2.821399688720703125 2.8118028640747070312 2.8207683563232421875 2.9165098667144775391 3.0696454048156738281 3.2357163429260253906 3.3877482414245605469 3.5208208560943603516 3.5798211097717285156 3.6231310367584228516 3.5103995800018310547 3.3048565387725830078 3.5387406349182128906 4.4642004966735839844 4.8883047103881835938 4.9860210418701171875
2.2076668739318847656 2.6325628757476806641 2.9643950462341308594 2.8938682079315185547 2.7577052116394042969 2.7682042121887207031 2.6458609104156494141 2.6089508533477783203 2.5182163715362548828 2.5795741081237792969 2.7227270603179931641 2.7703669071197509766 2.6133353710174560547 2.5060045719146728516 2.5502564907073974609 2.7698214054107666016 3.0556662082672119141 3.1647787094116210938 3.1990714073181152344 3.2030858993530273438 3.1623435020446777344 2.8858458995819091797 2.7375063896179199219 2.643787384033203125 2.6187345981597900391 2.6649253368377685547 2.7378547191619873047 2.8318257331848144531 2.883052825927734375 2.8798675537109375 2.8874309062957763672 2.9672596454620361328 3.0862863063812255859 3.1445178985595703125 3.2923688888549804688 3.626880645751953125 4.7102503776550292969 5.3178133964538574219 5.1063866615295410156
1.8604445457458496094 2.0141401290893554688 2.1743652820587158203 2.2700700759887695312 2.2981243133544921875 2.3285157680511474609 2.2235989570617675781 2.2199404239654541016 2.2628674507141113281 2.4146339893341064453 2.5998866558074951172 2.6088287830352783203 2.3180918693542480469 2.1860461235046386719 2.2077984809875488281 2.3599100112915039062 2.4844033718109130859 2.6144177913665771484 2.6829080581665039062 2.7266736030578613281 2.7642817497253417969 2.8340101242065429688 2.7694830894470214844 2.6236739158630371094 2.5731461048126220703 2.5645418167114257812 2.5908098220825195312 2.7309358119964599609 2.6408851146697998047 2.5740389823913574219 2.5463876724243164062 2.6292967796325683594 2.7755305767059326172 2.9955871105194091797 3.2964508533477783203 3.8507225513458251953 4.8677630424499511719 5.7561440467834472656 5.1367478370666503906
1.7564321756362915039 1.8126113414764404297 1.8801633119583129883 1.928610682487487793 1.9549688100814819336 1.9891378879547119141 1.9960938692092895508 2.0692110061645507812 2.2106721401214599609 2.4344193935394287109 2.6212608814239501953 2.4234716892242431641 2.1397097110748291016 2.0139269828796386719 2.0164422988891601562 2.1177437305450439453 2.2052750587463378906 2.2756869792938232422 2.3323884010314941406 2.3875651359558105469 2.4624505043029785156 2.6004185676574707031 2.8617928028106689453 2.7399475574493408203 2.6479318141937255859 2.6165401935577392578 2.5699565410614013672 2.5349950790405273438 2.535121917724609375 2.4061605930328369141 2.3596565723419189453 2.4694693088531494141 2.7372672557830810547 3.1254489421844482422 3.5672724246978759766 4.2366461753845214844 5.0413923263549804688 5.7339534759521484375 4.995647430419921875
1.7093271017074584961 1.7281488180160522461 1.7507802248001098633 1.7697470188140869141 1.797977447509765625 1.8790659904479980469 1.9781781435012817383 2.150634765625 2.4798357486724853516 2.5972001552581787109 2.4639439582824707031 2.2661516666412353516 2.0940167903900146484 2.0106284618377685547 2.0224814414978027344 2.1028792858123779297 2.1367464065551757812 2.1276674270629882812 2.1464965343475341797 2.1621146202087402344 2.2212274074554443359 2.3627541065216064453 2.696125030517578125 2.8824224472045898438 2.7702538967132568359 2.7295615673065185547 2.6157457828521728516 2.5043489933013916016 2.4326241016387939453 2.3594715595245361328 2.3307294845581054688 2.5311510562896728516 2.9952170848846435547 3.5080878734588623047 3.9812960624694824219 4.5089497566223144531 5.002819061279296875 5.1505856513977050781 4.7360486984252929688
1.6293370723724365234 1.6333097219467163086 1.6328951120376586914 1.6284433603286743164 1.6401164531707763672 1.7538868188858032227 2.0177128314971923828 2.3902928829193115234 2.7121822834014892578 2.674053192138671875 2.4514346122741699219 2.2093856334686279297 2.0802152156829833984 2.0357937812805175781 2.0747687816619873047 2.16165924072265625 2.1364305019378662109 2.0719258785247802734 2.0581209659576416016 2.0418648719787597656 2.0597798824310302734 2.1587200164794921875 2.3725600242614746094 2.7246587276458740234 2.7904775142669677734 2.7902548313140869141 2.6808044910430908203 2.5729496479034423828 2.5122745037078857422 2.5059883594512939453 2.5357189178466796875 2.7193994522094726562 3.0806479454040527344 3.4866013526916503906 3.9266986846923828125 4.3891453742980957031 4.7437481880187988281 4.438663482666015625 4.2673244476318359375
1.4986678361892700195 1.5380408763885498047 1.5519553422927856445 1.5571411848068237305 1.5875898599624633789 1.6338889598846435547 1.9192167520523071289 2.2421038150787353516 2.5845117568969726562 2.5940685272216796875 2.3792753219604492188 2.12375640869140625 2.0096938610076904297 2.0592091083526611328 2.1778635978698730469 2.2302680015563964844 2.1139421463012695312 2.0289433002471923828 1.987210392951965332 1.9786233901977539062 1.9818515777587890625 2.0479977130889892578 2.1928462982177734375 2.4145977497100830078 2.6541006565093994141 2.6478414535522460938 2.5462095737457275391 2.4433028697967529297 2.4622781276702880859 2.6326136589050292969 2.7562546730041503906 2.8318650722503662109 2.9208507537841796875 3.2929797172546386719 3.6351237297058105469 4.0999212265014648438 4.1434602737426757812 3.8567841053009033203 3.8524961471557617188
1.4097725152969360352 1.4699199199676513672 1.5140311717987060547 1.5597875118255615234 1.5958406925201416016 1.5965030193328857422 1.7539907693862915039 1.9091632366180419922 1.9916167259216308594 1.9589829444885253906 1.8645493984222412109 1.8570437431335449219 1.8518415689468383789 1.8970052003860473633 2.0773537158966064453 2.2164351940155029297 2.0388386249542236328 2.0033650398254394531 1.9865825176239013672 1.9596445560455322266 1.9500157833099365234 1.9962954521179199219 2.1056814193725585938 2.2939846515655517578 2.5626039505004882812 2.4836449623107910156 2.3000113964080810547 2.1548261642456054688 2.2163553237915039062 2.5965390205383300781 2.9390959739685058594 3.0103688240051269531 2.9651477336883544922 3.2173192501068115234 3.5249094963073730469 3.7764768600463867188 3.6276118755340576172 3.5730710029602050781 3.7267467975616455078
