data/epinect_map.asc
ncols        61
nrows        81
xllcorner    -27.000000000000
yllcorner    5.000000000000
cellsize     0.250000000000
NODATA_value  9999
[rows 51 to 67 of 81, columns 0 to 38 of 61]
0.63457530736923217773 0.64828503131866455078 0.66657054424285888672 0.68921244144439697266 0.71467167139053344727 0.73933607339859008789 0.76787787675857543945 0.80050504207611083984 0.80867224931716918945 0.80765098333358764648 0.79764181375503540039 0.77885967493057250977 0.75860285758972167969 0.74251455068588256836 0.73284500837326049805 0.73189115524291992188 0.73847955465316772461 0.75490289926528930664 0.77884811162948608398 0.80556529760360717773 0.83227533102035522461 0.86009734869003295898 0.89412713050842285156 0.93514120578765869141 0.97712457180023193359 0.9964434504508972168 0.98445212841033935547 0.96070075035095214844 0.97058624029159545898 1.0648118257522583008 1.4426234960556030273 1.9940010309219360352 2.1897478103637695312 2.3059649467468261719 2.3634405136108398438 2.8031620979309082031 3.8469829559326171875 5.3082675933837890625 7.7773633003234863281
0.59935390949249267578 0.61377876996994018555 0.63044506311416625977 0.64584761857986450195 0.6673024296760559082 0.68902730941772460938 0.71194273233413696289 0.72263634204864501953 0.72287470102310180664 0.71480822563171386719 0.70187205076217651367 0.68609374761581420898 0.67194807529449462891 0.66291773319244384766 0.65923440456390380859 0.66170418262481689453 0.67186999320983886719 0.69131624698638916016 0.71741980314254760742 0.74536293745040893555 0.77252686023712158203 0.80073320865631103516 0.83466142416000366211 0.87637579441070556641 0.91539734601974487305 0.93479925394058227539 0.92900955677032470703 0.91141229867935180664 0.92119300365447998047 1.0188213586807250977 1.4120737314224243164 2.2070364952087402344 2.2040202617645263672 2.0231900215148925781 1.91895294189453125 2.1877081394195556641 3.3113930225372314453 5.5082516670227050781 8.0342197418212890625
0.56895905733108520508 0.58267670869827270508 0.59626179933547973633 0.61051464080810546875 0.62820726633071899414 0.64355391263961791992 0.65512305498123168945 0.65733045339584350586 0.64941835403442382812 0.63629931211471557617 0.62053573131561279297 0.60550552606582641602 0.59645193815231323242 0.59395581483840942383 0.5965328216552734375 0.6037877202033996582 0.61697971820831298828 0.63847124576568603516 0.66606801748275756836 0.69437974691390991211 0.72045034170150756836 0.74618685245513916016 0.77764034271240234375 0.81259065866470336914 0.84201425313949584961 0.85568982362747192383 0.85148644447326660156 0.84402608871459960938 0.87069731950759887695 0.97866159677505493164 1.303586125373840332 2.350116729736328125 2.1988062858581542969 1.8184696435928344727 1.6444514989852905273 1.7666866779327392578 2.5093715190887451172 4.2266397476196289062 6.7103133201599121094
0.54406976699829101562 0.55721068382263183594 0.57011926174163818359 0.58414739370346069336 0.59930849075317382812 0.60637521743774414062 0.60647541284561157227 0.60327231884002685547 0.5908266901969909668 0.57395839691162109375 0.55665719509124755859 0.5444234013557434082 0.5394871830940246582 0.54100221395492553711 0.54742348194122314453 0.55767905712127685547 0.57292455434799194336 0.59677267074584960938 0.62696486711502075195 0.65734976530075073242 0.68193703889846801758 0.70250886678695678711 0.72722947597503662109 0.75174593925476074219 0.77160000801086425781 0.78256398439407348633 0.78567689657211303711 0.79690092802047729492 0.84589499235153198242 0.97112053632736206055 1.260087132453918457 2.0619654655456542969 2.3763499259948730469 1.8016357421875 1.5555660724639892578 1.6103247404098510742 2.0607645511627197266 3.2065634727478027344 5.0337500572204589844
0.52557575702667236328 0.53620374202728271484 0.54919439554214477539 0.56714874505996704102 0.56945604085922241211 0.5741036534309387207 0.57027667760848999023 0.5620123744010925293 0.54882299900054931641 0.53144705295562744141 0.51411592960357666016 0.50375932455062866211 0.49884614348411560059 0.50083124637603759766 0.50868475437164306641 0.52038460969924926758 0.53692269325256347656 0.56213086843490600586 0.59508532285690307617 0.6340745091438293457 0.65804666280746459961 0.66686433553695678711 0.68246370553970336914 0.70071190595626831055 0.71907979249954223633 0.73391854763031005859 0.74919891357421875 0.77889090776443481445 0.84913223981857299805 0.98257070779800415039 1.2443337440490722656 1.8023538589477539062 2.3922917842864990234 1.9296066761016845703 1.5864888429641723633 1.6059783697128295898 2.0053818225860595703 2.5139379501342773438 3.7111394405364990234
0.51667004823684692383 0.51892459392547607422 0.52839970588684082031 0.53980052471160888672 0.54683643579483032227 0.5556157231330871582 0.56147533655166625977 0.54596632719039916992 0.5269768834114074707 0.50741553306579589844 0.48941478133201599121 0.47558540105819702148 0.46753072738647460938 0.46787625551223754883 0.47587800025939941406 0.48885169625282287598 0.50579947233200073242 0.52982133626937866211 0.55842894315719604492 0.59476393461227416992 0.62311905622482299805 0.63864618539810180664 0.64913123846054077148 0.6653957366943359375 0.68899339437484741211 0.71226513385772705078 0.7402801513671875 0.77866476774215698242 0.84907108545303344727 0.9772065281867980957 1.20632171630859375 1.5942616462707519531 2.1482987403869628906 2.1167249679565429688 1.7239561080932617188 1.5647562742233276367 1.8312268257141113281 2.1834604740142822266 2.6094260215759277344
0.49830612540245056152 0.50541776418685913086 0.51392251253128051758 0.52103406190872192383 0.52416276931762695312 0.53977960348129272461 0.55526316165924072266 0.56258559226989746094 0.53042823076248168945 0.50715070962905883789 0.48534116148948669434 0.46707624197006225586 0.4534053504467010498 0.44936937093734741211 0.45410788059234619141 0.46484595537185668945 0.47932684421539306641 0.49742203950881958008 0.51792472600936889648 0.54126107692718505859 0.57357376813888549805 0.61064326763153076172 0.63122123479843139648 0.64539331197738647461 0.67769569158554077148 0.70837640762329101562 0.74055784940719604492 0.77700787782669067383 0.82689070701599121094 0.93249547481536865234 1.1099961996078491211 1.4115556478500366211 1.7582143545150756836 2.0566713809967041016 1.9649187326431274414 1.6248139142990112305 1.4843448400497436523 1.5848188400268554688 1.8377060890197753906
0.47747126221656799316 0.47915500402450561523 0.48692753911018371582 0.4995912015438079834 0.50684708356857299805 0.51859426498413085938 0.53431886434555053711 0.57888823747634887695 0.57191836833953857422 0.54450076818466186523 0.51121360063552856445 0.48308682441711425781 0.45610845088958740234 0.44401431083679199219 0.44308352470397949219 0.44906944036483764648 0.45976281166076660156 0.47259607911109924316 0.48713418841361999512 0.50409781932830810547 0.52784913778305053711 0.56313651800155639648 0.59859579801559448242 0.63746148347854614258 0.67895436286926269531 0.70738106966018676758 0.72241264581680297852 0.74246847629547119141 0.78812652826309204102 0.86430990695953369141 0.98964363336563110352 1.1894334554672241211 1.4712525606155395508 1.7307376861572265625 1.9124574661254882812 1.8692029714584350586 1.5372599363327026367 1.1870275735855102539 1.2406299114227294922
0.46482500433921813965 0.46102899312973022461 0.4591954350471496582 0.47219121456146240234 0.48019436001777648926 0.48905518651008605957 0.49690353870391845703 0.51775038242340087891 0.55892223119735717773 0.57874530553817749023 0.56575930118560791016 0.51845216751098632812 0.48017337918281555176 0.45313778519630432129 0.4438946843147277832 0.44315841794013977051 0.44927656650543212891 0.4589392542839050293 0.47125601768493652344 0.48414698243141174316 0.50416606664657592773 0.52722984552383422852 0.559398651123046875 0.59958505630493164062 0.63918328285217285156 0.66452544927597045898 0.67763280868530273438 0.69749110937118530273 0.73578667640686035156 0.79220408201217651367 0.88037776947021484375 1.0158380270004272461 1.2001017332077026367 1.4263452291488647461 1.6451599597930908203 1.7629081010818481445 1.5914558172225952148 1.1877043247222900391 1.0229462385177612305
0.44945472478866577148 0.44464060664176940918 0.44309568405151367188 0.44758552312850952148 0.45836883783340454102 0.45859098434448242188 0.46445342898368835449 0.4733053743839263916 0.49293854832649230957 0.52208429574966430664 0.56853139400482177734 0.55472064018249511719 0.52254122495651245117 0.48190966248512268066 0.46177124977111816406 0.44923883676528930664 0.45053362846374511719 0.45795607566833496094 0.47187206149101257324 0.48033371567726135254 0.49030768871307373047 0.50302958488464355469 0.52394384145736694336 0.55424916744232177734 0.58588898181915283203 0.60971635580062866211 0.62584161758422851562 0.6468709111213684082 0.67995017766952514648 0.72440415620803833008 0.7854480743408203125 0.87936288118362426758 1.0023419857025146484 1.1418609619140625 1.3188208341598510742 1.4081186056137084961 1.4387886524200439453 1.2960140705108642578 1.1074844598770141602
0.43448719382286071777 0.43152344226837158203 0.4292310178279876709 0.43136125802993774414 0.4413617253303527832 0.43839630484580993652 0.4384829103946685791 0.44184538722038269043 0.45226749777793884277 0.46969205141067504883 0.4958127439022064209 0.51945745944976806641 0.55621242523193359375 0.5130030512809753418 0.48226916790008544922 0.47010028362274169922 0.46621185541152954102 0.4693164527416229248 0.4748376309871673584 0.47867891192436218262 0.48382142186164855957 0.49073442816734313965 0.50301826000213623047 0.52182501554489135742 0.538227081298828125 0.55512142181396484375 0.57132512331008911133 0.59181803464889526367 0.62096369266510009766 0.66269445419311523438 0.70656889677047729492 0.76826763153076171875 0.85045951604843139648 0.93772119283676147461 1.0536274909973144531 1.0973989963531494141 1.1603934764862060547 1.334895014762878418 1.312371373176574707
0.42273160815238952637 0.42055368423461914062 0.41904407739639282227 0.41835504770278930664 0.42023229598999023438 0.42082828283309936523 0.41976234316825866699 0.41941732168197631836 0.42210683226585388184 0.42963078618049621582 0.4429658055305480957 0.45923212170600891113 0.47862073779106140137 0.49776574969291687012 0.49736893177032470703 0.48912850022315979004 0.47566446661949157715 0.47668507695198059082 0.47995305061340332031 0.4794953763484954834 0.48034086823463439941 0.48318979144096374512 0.49185630679130554199 0.50734764337539672852 0.50082170963287353516 0.50373560190200805664 0.5117346644401550293 0.52712601423263549805 0.55422013998031616211 0.6089611053466796875 0.64437186717987060547 0.68312042951583862305 0.73740541934967041016 0.7928670048713684082 0.8832314610481262207 0.8256199955940246582 0.91274881362915039062 1.1456586122512817383 1.2047472000122070312
0.41342347860336303711 0.41089046001434326172 0.40927347540855407715 0.40838536620140075684 0.40841585397720336914 0.40887090563774108887 0.4065825343132019043 0.40403676033020019531 0.40284067392349243164 0.40355986356735229492 0.40821501612663269043 0.41594362258911132812 0.4265868067741394043 0.44162338972091674805 0.46654337644577026367 0.46887657046318054199 0.4730084538459777832 0.47792074084281921387 0.4789727628231048584 0.48251423239707946777 0.48187476396560668945 0.4788049161434173584 0.47595995664596557617 0.4740187227725982666 0.47082725167274475098 0.46716970205307006836 0.4696362614631652832 0.48001518845558166504 0.50145226716995239258 0.53786092996597290039 0.57984173297882080078 0.62229830026626586914 0.66574704647064208984 0.70613867044448852539 0.72726589441299438477 0.70128023624420166016 0.74157291650772094727 0.87701517343521118164 1.0067025423049926758
0.40702790021896362305 0.40270248055458068848 0.39973700046539306641 0.39779338240623474121 0.39698934555053710938 0.39814361929893493652 0.39506006240844726562 0.39189627766609191895 0.38979387283325195312 0.38832098245620727539 0.38849189877510070801 0.39088320732116699219 0.39483204483985900879 0.40289777517318725586 0.41707491874694824219 0.43644252419471740723 0.45054078102111816406 0.45869088172912597656 0.46418312191963195801 0.46841821074485778809 0.46676132082939147949 0.46058037877082824707 0.45455506443977355957 0.4483483731746673584 0.44451940059661865234 0.44115999341011047363 0.44260939955711364746 0.45100098848342895508 0.46956872940063476562 0.49865618348121643066 0.53442412614822387695 0.5703589320182800293 0.59914380311965942383 0.6245810389518737793 0.63288402557373046875 0.62994378805160522461 0.64043653011322021484 0.69322466850280761719 0.81030672788619995117
0.40170887112617492676 0.39553546905517578125 0.39073842763900756836 0.38709238171577453613 0.38496723771095275879 0.3860861659049987793 0.3834991753101348877 0.38106313347816467285 0.37942305207252502441 0.37807410955429077148 0.37699705362319946289 0.37688520550727844238 0.37750226259231567383 0.3812332451343536377 0.39006885886192321777 0.40912151336669921875 0.42278268933296203613 0.43289780616760253906 0.43791279196739196777 0.43798431754112243652 0.43727451562881469727 0.43418109416961669922 0.43065041303634643555 0.42669811844825744629 0.42485517263412475586 0.4251047670841217041 0.42838662862777709961 0.43710541725158691406 0.45530652999877929688 0.48070296645164489746 0.50953304767608642578 0.53515160083770751953 0.55260491371154785156 0.56513965129852294922 0.57138693332672119141 0.58116608858108520508 0.59995663166046142578 0.63878214359283447266 0.71143305301666259766
0.39709138870239257812 0.3892434239387512207 0.38279315829277038574 0.3778057396411895752 0.3742275238037109375 0.37202334403991699219 0.37148430943489074707 0.37069103121757507324 0.37014123797416687012 0.36997574567794799805 0.36847883462905883789 0.367481231689453125 0.36677142977714538574 0.36815744638442993164 0.3740812838077545166 0.38830679655075073242 0.39427673816680908203 0.40142342448234558105 0.41087397933006286621 0.4086329042911529541 0.40549361705780029297 0.40449622273445129395 0.40400466322898864746 0.40502920746803283691 0.40879952907562255859 0.4149405062198638916 0.42297631502151489258 0.43335732817649841309 0.45037096738815307617 0.47205719351768493652 0.49522486329078674316 0.50998026132583618164 0.52053678035736083984 0.52437710762023925781 0.53164148330688476562 0.54954713582992553711 0.57930004596710205078 0.62917405366897583008 0.70618796348571777344
0.38863214850425720215 0.38328519463539123535 0.37709605693817138672 0.37174829840660095215 0.36706295609474182129 0.36398428678512573242 0.36360460519790649414 0.36460024118423461914 0.3652941584587097168 0.36436134576797485352 0.35759472846984863281 0.35612332820892333984 0.3545430600643157959 0.35447621345520019531 0.35909384489059448242 0.37018594145774841309 0.37765717506408691406 0.38173747062683105469 0.39000588655471801758 0.38859316706657409668 0.38120391964912414551 0.3784071505069732666 0.38128876686096191406 0.38647711277008056641 0.39622482657432556152 0.40995359420776367188 0.42092102766036987305 0.43415084481239318848 0.44896411895751953125 0.46666416525840759277 0.48021686077117919922 0.48723018169403076172 0.48898202180862426758 0.49589249491691589355 0.51058799028396606445 0.5373904109001159668 0.57756406068801879883 0.64093184471130371094 0.72720539569854736328
