data/epinect_map.asc
ncols        61
nrows        81
xllcorner    -27.000000000000
yllcorner    5.000000000000
cellsize     0.250000000000
NODATA_value  9999
[rows 0 to 16 of 81, columns 0 to 38 of 61]
0.62457704544067382812 0.49429619312286376953 0.45763838291168212891 0.51671397686004638672 0.81168264150619506836 0.97578692436218261719 0.88884055614471435547 0.87202209234237670898 0.91767829656600952148 1.00124359130859375 1.0901123285293579102 1.2136762142181396484 1.3843770027160644531 1.4667443037033081055 1.3600045442581176758 1.1520166397094726562 0.97196340560913085938 0.97801387310028076172 1.1264214515686035156 1.2423136234283447266 1.2253258228302001953 1.2721694707870483398 1.3911367654800415039 1.7452827692031860352 2.0176327228546142578 1.9682615995407104492 1.7650837898254394531 1.7508260011672973633 2.0949099063873291016 2.2996599674224853516 2.2862174510955810547 2.1873712539672851562 2.1483905315399169922 2.2147622108459472656 2.3513038158416748047 2.4992098808288574219 2.6264429092407226562 2.6457347869873046875 2.2876455783843994141
0.7684192657470703125 0.64307272434234619141 0.53304052352905273438 0.50466585159301757812 0.67876493930816650391 0.83868771791458129883 0.78762835264205932617 0.78216695785522460938 0.82141739130020141602 0.90266507863998413086 1.0092945098876953125 1.1455147266387939453 1.3436000347137451172 1.4519896507263183594 1.4410755634307861328 1.2879091501235961914 1.1427798271179199219 1.0884853601455688477 1.1519874334335327148 1.3741888999938964844 1.3887914419174194336 1.4350196123123168945 1.5055297613143920898 1.7169148921966552734 2.2143814563751220703 2.8020641803741455078 2.06219482421875 1.6708692312240600586 1.6708377599716186523 1.8583316802978515625 2.2934632301330566406 2.2320199012756347656 2.2185978889465332031 2.5014767646789550781 2.92950439453125 2.9848749637603759766 3.0964944362640380859 3.1310884952545166016 3.1667344570159912109
0.8470904231071472168 0.75253582000732421875 0.64055156707763671875 0.58080947399139404297 0.62358069419860839844 0.74293291568756103516 0.72858142852783203125 0.73430746793746948242 0.77395224571228027344 0.86005222797393798828 1.0074609518051147461 1.1155309677124023438 1.2048567533493041992 1.2556538581848144531 1.2710039615631103516 1.2268732786178588867 1.1878259181976318359 1.1694480180740356445 1.2053778171539306641 1.3212379217147827148 1.5429121255874633789 1.6360211372375488281 1.7305274009704589844 1.9462479352951049805 2.2434391975402832031 2.6835997104644775391 2.8038296699523925781 1.8624269962310791016 1.5713975429534912109 1.5642259120941162109 1.7899668216705322266 1.9607270956039428711 2.1490733623504638672 2.2863886356353759766 2.5848026275634765625 3.7199804782867431641 3.7309100627899169922 3.8416202068328857422 4.195384979248046875
0.88238471746444702148 0.85205793380737304688 0.74645251035690307617 0.65367257595062255859 0.63620030879974365234 0.69824767112731933594 0.71981328725814819336 0.73519402742385864258 0.78806865215301513672 0.87980133295059204102 1.049742579460144043 1.1375186443328857422 1.1760634183883666992 1.2118022441864013672 1.1570060253143310547 1.0879930257797241211 1.0792663097381591797 1.1110712289810180664 1.1716092824935913086 1.2843458652496337891 1.5290127992630004883 1.8497328758239746094 1.9433740377426147461 2.2330060005187988281 2.455516815185546875 2.3523781299591064453 2.2071850299835205078 1.9728759527206420898 1.6453752517700195312 1.4959825277328491211 1.5586917400360107422 1.7305885553359985352 1.9090006351470947266 2.00826263427734375 2.1390068531036376953 3.0581531524658203125 4.3041043281555175781 5.02191162109375 5.0635900497436523438
1.0385023355484008789 0.93829387426376342773 0.82299274206161499023 0.72023403644561767578 0.6701145172119140625 0.6925411224365234375 0.73954421281814575195 0.76654726266860961914 0.83964973688125610352 1.036450505256652832 1.24170684814453125 1.1995427608489990234 1.1605249643325805664 1.2349233627319335938 1.1206886768341064453 1.0355018377304077148 0.99910056591033935547 1.0222039222717285156 1.092375636100769043 1.2596305608749389648 1.7186771631240844727 2.0961740016937255859 2.0535800457000732422 2.3850295543670654297 2.6064043045043945312 2.0876874923706054688 1.8460285663604736328 1.9998261928558349609 1.8085771799087524414 1.5840293169021606445 1.5390851497650146484 1.66806793212890625 1.9180960655212402344 2.1202809810638427734 2.4897465705871582031 3.5299315452575683594 4.5430498123168945312 5.4123506546020507812 5.1245779991149902344
1.1737717390060424805 0.96723973751068115234 0.84309190511703491211 0.75422275066375732422 0.70422250032424926758 0.71107822656631469727 0.76548820734024047852 0.86863178014755249023 0.98404419422149658203 1.4537837505340576172 1.5254567861557006836 1.3882721662521362305 1.2399146556854248047 1.1532309055328369141 1.1324030160903930664 1.1642078161239624023 1.0464713573455810547 1.0404260158538818359 1.0880224704742431641 1.3539458513259887695 1.5454984903335571289 1.6830819845199584961 1.9907234907150268555 2.3491735458374023438 2.3919610977172851562 1.9098600149154663086 1.7961362600326538086 1.9769766330718994141 1.9372661113739013672 1.741942286491394043 1.6834279298782348633 1.9582774639129638672 2.5537705421447753906 2.6420085430145263672 3.3437790870666503906 4.5092034339904785156 6.4876146316528320312 5.8097538948059082031 4.8328299522399902344
1.0407168865203857422 0.9106108546257019043 0.82345598936080932617 0.76984715461730957031 0.7474415898323059082 0.76957792043685913086 0.8468621373176574707 0.99949085712432861328 1.2614393234252929688 1.7312437295913696289 2.0554780960083007812 1.6918637752532958984 1.4116561412811279297 1.242766261100769043 1.1841500997543334961 1.20543670654296875 1.1425918340682983398 1.1690672636032104492 1.2667745351791381836 1.3924213647842407227 1.4547228813171386719 1.6253563165664672852 2.0358030796051025391 2.2459921836853027344 2.1937875747680664062 2.0280420780181884766 1.9398565292358398438 1.9245874881744384766 1.9663531780242919922 1.9974048137664794922 2.1212198734283447266 2.4328923225402832031 2.7948412895202636719 3.1440215110778808594 4.2584404945373535156 6.4065532684326171875 6.5914378166198730469 5.4859209060668945312 4.4338240623474121094
0.95006340742111206055 0.8737697601318359375 0.82537710666656494141 0.80955421924591064453 0.82775837182998657227 0.88944822549819946289 1.0044682025909423828 1.1836361885070800781 1.435258030891418457 1.7842423915863037109 2.1103653907775878906 2.1946794986724853516 1.704447627067565918 1.4349443912506103516 1.3208023309707641602 1.3091664314270019531 1.3348469734191894531 1.3623018264770507812 1.4199067354202270508 1.4894165992736816406 1.6266796588897705078 1.9227399826049804688 2.2224264144897460938 2.2659237384796142578 2.1718578338623046875 2.0639569759368896484 2.0636258125305175781 2.0193283557891845703 2.117343902587890625 2.2495243549346923828 2.3784637451171875 2.6291439533233642578 3.1630322933197021484 3.9780118465423583984 5.7161617279052734375 7.0020480155944824219 6.1402425765991210938 4.7720994949340820312 4.3681087493896484375
0.93399965763092041016 0.89481204748153686523 0.87681865692138671875 0.8965651392936706543 0.95582616329193115234 1.0586501359939575195 1.1960166692733764648 1.3670308589935302734 1.563214421272277832 1.8203186988830566406 2.1209435462951660156 2.3001120090484619141 2.1764538288116455078 1.7602936029434204102 1.5742056369781494141 1.5362417697906494141 1.5704798698425292969 1.5780185461044311523 1.6378607749938964844 1.8089033365249633789 2.1837058067321777344 2.6621632575988769531 2.5581607818603515625 2.3595707416534423828 2.2628660202026367188 2.1860682964324951172 2.1656885147094726562 2.1749684810638427734 2.2956347465515136719 2.4407231807708740234 2.6425106525421142578 3.0560460090637207031 3.9041979312896728516 5.3137006759643554688 7.0202126502990722656 6.5714731216430664062 5.4128041267395019531 4.7845458984375 4.3821859359741210938
1.0001130104064941406 0.98353725671768188477 0.9901898503303527832 1.0404807329177856445 1.1286692619323730469 1.2599210739135742188 1.4097020626068115234 1.5759916305541992188 1.7432417869567871094 1.9205648899078369141 2.1397466659545898438 2.3333623409271240234 2.4597752094268798828 2.2311215400695800781 1.90610504150390625 1.7946199178695678711 1.8167291879653930664 1.8216552734375 1.9519178867340087891 2.3061842918395996094 3.0361166000366210938 3.877902984619140625 3.5163378715515136719 2.6497614383697509766 2.5328848361968994141 2.4918091297149658203 2.3744373321533203125 2.5028169155120849609 2.6695017814636230469 2.8705353736877441406 3.2520053386688232422 3.9973194599151611328 5.3498883247375488281 7.2069139480590820312 6.4305934906005859375 5.9090304374694824219 5.39507293701171875 4.8717164993286132812 4.3720517158508300781
1.1907891035079956055 1.1885383129119873047 1.2175520658493041992 1.2862478494644165039 1.3904474973678588867 1.5241657495498657227 1.6818330287933349609 1.8620197772979736328 2.0439581871032714844 2.1649920940399169922 2.2322437763214111328 2.2185599803924560547 2.3148415088653564453 2.4061281681060791016 2.2913365364074707031 2.0508358478546142578 1.9804461002349853516 2.0573408603668212891 2.3657765388488769531 2.75264739990234375 3.0477957725524902344 4.5296955108642578125 4.2817640304565429688 3.6100409030914306641 2.8658058643341064453 2.7950878143310546875 3.1603929996490478516 3.535305023193359375 3.757495880126953125 3.8335309028625488281 4.3796234130859375 5.457431793212890625 7.4128818511962890625 6.1906919479370117188 5.7121195793151855469 5.4876737594604492188 5.1431212425231933594 4.6808481216430664062 4.3127126693725585938
1.5639454126358032227 1.5789904594421386719 1.6205136775970458984 1.6860047578811645508 1.7587741613388061523 1.8420379161834716797 1.9622123241424560547 2.2209901809692382812 2.5444569587707519531 2.5013000965118408203 2.3918774127960205078 2.2916653156280517578 2.2122793197631835938 2.2257030010223388672 2.5372469425201416016 2.6239326000213623047 2.307147979736328125 2.3325707912445068359 3.0874795913696289062 3.1567628383636474609 2.966518402099609375 3.2716684341430664062 3.6377987861633300781 2.4707977771759033203 2.3335924148559570312 2.5496923923492431641 3.0150251388549804688 3.5529596805572509766 4.608463287353515625 4.725704193115234375 4.9751591682434082031 5.7841191291809082031 6.4046092033386230469 6.1749029159545898438 5.9989552497863769531 5.6240477561950683594 5.1608719825744628906 4.60105133056640625 4.4022068977355957031
2.0874621868133544922 2.0909969806671142578 2.1180028915405273438 2.0996325016021728516 2.0497074127197265625 2.0380139350891113281 2.1662147045135498047 2.4573643207550048828 2.7770183086395263672 3.1269772052764892578 2.6598505973815917969 2.4808032512664794922 2.3726141452789306641 2.3942873477935791016 2.7655155658721923828 2.9404900074005126953 2.6283705234527587891 2.4734773635864257812 2.6122832298278808594 3.4371976852416992188 3.8023700714111328125 2.8826830387115478516 2.7524073123931884766 2.4720723628997802734 1.9907375574111938477 1.926100611686706543 2.2703797817230224609 2.5700399875640869141 2.7962174415588378906 3.2085595130920410156 3.9101283550262451172 4.7800779342651367188 5.6914319992065429688 6.0949673652648925781 6.1917047500610351562 5.6406183242797851562 5.224853515625 4.7883129119873046875 4.3582835197448730469
2.3337612152099609375 2.4034240245819091797 2.3361639976501464844 2.1586322784423828125 2.023143768310546875 2.0259575843811035156 2.2075676918029785156 2.3283009529113769531 2.5351309776306152344 2.9454786777496337891 3.0573205947875976562 2.7439184188842773438 2.6271128654479980469 2.7734625339508056641 3.1569025516510009766 2.9137160778045654297 2.5914063453674316406 2.4389324188232421875 2.4594790935516357422 2.8398494720458984375 3.8067162036895751953 3.8161404132843017578 2.4306008815765380859 2.1176724433898925781 1.9662438631057739258 2.0295457839965820312 2.0730144977569580078 2.3853659629821777344 2.7716536521911621094 3.1389741897583007812 3.6160695552825927734 4.3152709007263183594 5.09961700439453125 6.0925431251525878906 6.1520419120788574219 5.5513396263122558594 5.2625250816345214844 5.1724524497985839844 4.5747556686401367188
2.2430887222290039062 2.3275191783905029297 2.1673371791839599609 1.9752365350723266602 1.9117389917373657227 1.9862115383148193359 2.1301081180572509766 2.2135834693908691406 2.3509237766265869141 2.6142265796661376953 3.0147976875305175781 3.0791637897491455078 2.8760137557983398438 3.0549330711364746094 3.0526521205902099609 2.7532279491424560547 2.4905030727386474609 2.4262778759002685547 2.4936542510986328125 2.6787111759185791016 3.1847274303436279297 5.1837058067321777344 3.0499672889709472656 2.0392384529113769531 1.8562682867050170898 2.0183281898498535156 2.1771683692932128906 2.9044082164764404297 3.4471306800842285156 3.4850068092346191406 3.9773349761962890625 4.6353383064270019531 5.2859544754028320312 6.5435333251953125 5.8763918876647949219 5.1783227920532226562 5.1652150154113769531 5.5101962089538574219 5.3234000205993652344
2.0878548622131347656 2.0771615505218505859 1.9728500843048095703 1.9186061620712280273 2.0077862739562988281 2.1717031002044677734 2.2238788604736328125 2.2242376804351806641 2.2884936332702636719 2.4847083091735839844 2.8546237945556640625 3.3511223793029785156 3.0827200412750244141 3.0054309368133544922 2.8569595813751220703 2.5876860618591308594 2.4364867210388183594 2.5095057487487792969 2.7053587436676025391 2.6455662250518798828 2.7648408412933349609 3.2995550632476806641 4.6415510177612304688 2.295989990234375 1.9009280204772949219 2.0187954902648925781 2.7781691551208496094 4.5847539901733398438 4.0378484725952148438 4.1897339820861816406 4.9595470428466796875 5.5539026260375976562 6.0864548683166503906 7.013675689697265625 5.4326496124267578125 4.8321733474731445312 5.0661416053771972656 5.7420983314514160156 6.2813744544982910156
2.0256981849670410156 1.9798150062561035156 1.9910477399826049805 2.1125900745391845703 2.3627092838287353516 2.5843825340270996094 2.5111978054046630859 2.3989627361297607422 2.3484809398651123047 2.4286036491394042969 2.6733965873718261719 3.0768716335296630859 3.5018661022186279297 3.0543911457061767578 2.7645092010498046875 2.5489954948425292969 2.4450261592864990234 2.5912969112396240234 2.8461239337921142578 2.8458204269409179688 2.7920954227447509766 2.9664015769958496094 5.1070580482482910156 2.7530307769775390625 2.1277196407318115234 2.2083821296691894531 4.0231919288635253906 5.1964902877807617188 4.7029523849487304688 4.911655426025390625 5.8280611038208007812 7.00809478759765625 8.0045528411865234375 6.0706696510314941406 4.8649601936340332031 4.6515913009643554688 5.1492319107055664062 6.0768976211547851562 5.7254757881164550781
