data/epinect_map.asc
ncols        61
nrows        81
xllcorner    -27.000000000000
yllcorner    5.000000000000
cellsize     0.250000000000
NODATA_value  9999
[rows 34 to 50 of 81, columns 0 to 38 of 61]
1.3519928455352783203 1.4297091960906982422 1.5100569725036621094 1.5710748434066772461 1.5926078557968139648 1.5922996997833251953 1.660168766975402832 1.6846013069152832031 1.6661508083343505859 1.609293818473815918 1.5454132556915283203 1.5622054338455200195 1.6708112955093383789 1.8825557231903076172 2.0774176120758056641 2.2245607376098632812 2.0168964862823486328 2.1468915939331054688 2.0779089927673339844 1.9648795127868652344 1.9202625751495361328 1.955803990364074707 2.0752053260803222656 2.3155603408813476562 2.4389731884002685547 2.2792541980743408203 2.0564873218536376953 1.9302856922149658203 1.9989513158798217773 2.3661153316497802734 2.9140670299530029297 3.2409574985504150391 3.3102293014526367188 3.4540944099426269531 3.3859736919403076172 3.4075832366943359375 3.4764766693115234375 3.5764131546020507812 3.87992095947265625
1.316341400146484375 1.4059712886810302734 1.4938499927520751953 1.5552532672882080078 1.5724622011184692383 1.5633516311645507812 1.5525470972061157227 1.5424821376800537109 1.5053293704986572266 1.4801439046859741211 1.4640164375305175781 1.4605289697647094727 1.5045824050903320312 1.6091741323471069336 1.7365816831588745117 1.7469543218612670898 1.8350528478622436523 2.3472762107849121094 2.1197988986968994141 1.9317952394485473633 1.8671231269836425781 1.8960540294647216797 2.0335776805877685547 2.0975983142852783203 2.2029073238372802734 2.050243377685546875 1.883617401123046875 1.8317297697067260742 1.9658423662185668945 2.3528389930725097656 2.9143829345703125 3.3092522621154785156 3.48888397216796875 3.4080810546875 3.2472507953643798828 3.266239166259765625 3.5247161388397216797 3.7401320934295654297 4.0049080848693847656
1.2661966085433959961 1.3519940376281738281 1.4364970922470092773 1.4977216720581054688 1.5189939737319946289 1.506432652473449707 1.4794229269027709961 1.4723558425903320312 1.4748330116271972656 1.4925533533096313477 1.5449248552322387695 1.5368822813034057617 1.4793698787689208984 1.4951097965240478516 1.4758909940719604492 1.3149398565292358398 9.9999997902147679536e+33 2.3296816349029541016 1.9305999279022216797 1.8160159587860107422 1.7965160608291625977 1.8223006725311279297 1.900847315788269043 1.92176055908203125 2.0133965015411376953 1.9061641693115234375 1.8575460910797119141 1.8940224647521972656 2.0868916511535644531 2.4945352077484130859 2.7806048393249511719 3.4083731174468994141 3.44659423828125 3.1601123809814453125 3.0408949851989746094 3.2068047523498535156 3.7408695220947265625 4.3132534027099609375 4.6750812530517578125
1.192423701286315918 1.2642414569854736328 1.3476380109786987305 1.4022643566131591797 1.4265446662902832031 1.419701695442199707 1.4265246391296386719 1.4447093009948730469 1.5107760429382324219 1.5188608169555664062 1.6053026914596557617 1.6766639947891235352 1.6023696660995483398 1.6312454938888549805 1.6249563694000244141 1.55511474609375 1.7103334665298461914 1.8397489786148071289 1.7572562694549560547 1.7570936679840087891 1.7825616598129272461 1.8220108747482299805 1.7780302762985229492 1.8375051021575927734 1.9164918661117553711 1.9285383224487304688 1.9695856571197509766 2.0718846321105957031 2.2176456451416015625 2.3831143379211425781 2.7619824409484863281 3.2980973720550537109 3.1426398754119873047 2.8235554695129394531 2.860126495361328125 3.2889101505279541016 4.2602667808532714844 5.00197601318359375 5.1255044937133789062
1.1239290237426757812 1.1774165630340576172 1.2328126430511474609 1.2838900089263916016 1.3193205595016479492 1.3642365932464599609 1.4227823019027709961 1.4873387813568115234 1.5135561227798461914 1.3859597444534301758 1.4450591802597045898 1.6411207914352416992 1.7296030521392822266 1.827392578125 1.7330833673477172852 1.6676740646362304688 1.7310090065002441406 1.8209693431854248047 1.7870525121688842773 1.791194915771484375 1.8035560846328735352 1.7570005655288696289 1.7747637033462524414 1.8641495704650878906 1.9166091680526733398 1.9667900800704956055 2.0428817272186279297 2.1804728507995605469 2.3369061946868896484 2.512210845947265625 2.6772272586822509766 3.0689220428466796875 2.7365570068359375 2.5690963268280029297 2.799182891845703125 3.5361630916595458984 4.8632788658142089844 5.1564002037048339844 4.9505062103271484375
1.0882005691528320312 1.1104283332824707031 1.1427861452102661133 1.182408452033996582 1.1912264823913574219 1.2011353969573974609 1.2335770130157470703 1.3755048513412475586 1.3384754657745361328 1.2019537687301635742 1.2961132526397705078 1.3005548715591430664 1.6164913177490234375 2.0432674884796142578 2.25185394287109375 1.8088076114654541016 1.6975924968719482422 1.7836942672729492188 1.8142404556274414062 1.8219879865646362305 1.8337057828903198242 1.8091373443603515625 1.8533951044082641602 1.9005266427993774414 1.9283072948455810547 1.9694374799728393555 2.0486195087432861328 2.1851100921630859375 2.3403987884521484375 2.4619083404541015625 2.5627133846282958984 2.78943634033203125 2.4350402355194091797 2.4273569583892822266 2.7909247875213623047 3.7463905811309814453 5.6033420562744140625 4.4339818954467773438 4.2605738639831542969
1.0905163288116455078 1.1097131967544555664 1.1155755519866943359 1.1470950841903686523 1.150816798210144043 1.1260663270950317383 1.0881147384643554688 1.1087340116500854492 1.0400925874710083008 1.1113040447235107422 1.4732868671417236328 1.3810158967971801758 9.9999997902147679536e+33 9.9999997902147679536e+33 1.9788037538528442383 1.6098133325576782227 1.5866883993148803711 1.6720308065414428711 1.7350428104400634766 1.7713749408721923828 1.8140668869018554688 1.8647643327713012695 1.8870154619216918945 1.9056982994079589844 1.9135243892669677734 1.9407300949096679688 2.0060060024261474609 2.1156904697418212891 2.2505908012390136719 2.3632762432098388672 2.4319376945495605469 2.4716153144836425781 2.2448670864105224609 2.3781595230102539062 2.7774703502655029297 3.7349388599395751953 5.4475741386413574219 5.3298792839050292969 5.5014257431030273438
1.1222063302993774414 1.1809772253036499023 1.1977460384368896484 1.2032083272933959961 1.1829968690872192383 1.1203331947326660156 1.0313819646835327148 0.95654964447021484375 0.86591958999633789062 9.9999997902147679536e+33 2.3597643375396728516 1.6880410909652709961 1.6123276948928833008 1.5542700290679931641 1.543304443359375 1.4559524059295654297 1.4709100723266601562 1.5356384515762329102 1.5893474817276000977 1.6452569961547851562 1.7317061424255371094 1.839017033576965332 1.8739260435104370117 1.8835264444351196289 1.8861202001571655273 1.9119721651077270508 1.972550511360168457 2.0575730800628662109 2.1514179706573486328 2.2270090579986572266 2.2735905647277832031 2.1687042713165283203 2.1215949058532714844 2.3857631683349609375 2.7691619396209716797 3.3092381954193115234 4.5351963043212890625 5.3932557106018066406 9.9999997902147679536e+33
1.1446313858032226562 1.246046900749206543 1.3177183866500854492 1.3215394020080566406 1.2674415111541748047 1.2032485008239746094 1.159610748291015625 1.1926481723785400391 1.2400164604187011719 1.4647502899169921875 1.518334507942199707 1.3806623220443725586 1.306744694709777832 1.2945871353149414062 1.3699039220809936523 1.3829197883605957031 1.3944700956344604492 1.4017453193664550781 1.4263628721237182617 1.4901415109634399414 1.5797164440155029297 1.696034550666809082 1.8250383138656616211 1.8349761962890625 1.8632966279983520508 1.8940942287445068359 1.9581228494644165039 2.0265107154846191406 2.0690417289733886719 2.1097667217254638672 2.0773069858551025391 1.9404463768005371094 2.0521161556243896484 2.3540213108062744141 2.7966201305389404297 3.0708043575286865234 4.0077419281005859375 5.1056532859802246094 5.2895445823669433594
1.0744893550872802734 1.1858420372009277344 1.2999726533889770508 1.3758703470230102539 1.3505750894546508789 1.3143600225448608398 1.2859866619110107422 1.2676223516464233398 1.2129050493240356445 1.2111289501190185547 1.1886323690414428711 1.1436512470245361328 1.0853928327560424805 1.0526516437530517578 1.1050627231597900391 1.1751254796981811523 1.1798671483993530273 1.2058600187301635742 1.2759116888046264648 1.3232730627059936523 1.3990361690521240234 1.504773259162902832 1.6190242767333984375 1.7401877641677856445 1.8093152046203613281 1.8191181421279907227 1.853852391242980957 1.9333518743515014648 1.9627122879028320312 1.8782148361206054688 1.7875242233276367188 1.8081008195877075195 2.0034456253051757812 2.3358638286590576172 2.7360527515411376953 3.167621612548828125 3.9352078437805175781 4.3965325355529785156 4.2358846664428710938
0.94945222139358520508 1.0479167699813842773 1.1522232294082641602 1.2492589950561523438 1.3339121341705322266 1.3395460844039916992 1.325123906135559082 1.2753709554672241211 1.1925140619277954102 1.1387963294982910156 1.0929814577102661133 1.0432218313217163086 0.99479871988296508789 0.94903761148452758789 0.94303041696548461914 0.98720371723175048828 1.0232243537902832031 1.0568479299545288086 1.1130006313323974609 1.2246896028518676758 1.2399547100067138672 1.3065161705017089844 1.4053392410278320312 1.5493391752243041992 1.7044135332107543945 1.7400318384170532227 1.7538825273513793945 1.834057927131652832 1.7520672082901000977 1.6224412918090820312 1.6028721332550048828 1.7178307771682739258 1.9817557334899902344 2.3205418586730957031 2.6766440868377685547 3.048187255859375 3.6982135772705078125 4.2655763626098632812 4.3345904350280761719
0.85975885391235351562 0.94264638423919677734 1.0349463224411010742 1.1280431747436523438 1.2182410955429077148 1.2834168672561645508 1.2960693836212158203 1.2650501728057861328 1.2045627832412719727 1.1433811187744140625 1.0807558298110961914 1.0221018791198730469 0.96418732404708862305 0.92105811834335327148 0.90188121795654296875 0.9193484187126159668 0.93848454952239990234 0.95850330591201782227 1.0035554170608520508 1.1264117956161499023 1.2017712593078613281 1.2130063772201538086 1.2816600799560546875 1.3820161819458007812 1.520949244499206543 1.6028019189834594727 1.5940515995025634766 1.5210692882537841797 1.4718459844589233398 1.4233831167221069336 1.5001715421676635742 1.7019917964935302734 2.0087599754333496094 2.3327100276947021484 2.656810760498046875 2.8943309783935546875 3.4715950489044189453 4.3952460289001464844 5.3453578948974609375
0.80307805538177490234 0.86992973089218139648 0.94782972335815429688 1.031599879264831543 1.1148519515991210938 1.1925261020660400391 1.2263854742050170898 1.229714512825012207 1.2049950361251831055 1.1604062318801879883 1.0993716716766357422 1.0351035594940185547 0.97574400901794433594 0.93164741992950439453 0.9014377593994140625 0.89714723825454711914 0.89665520191192626953 0.90398931503295898438 0.93500751256942749023 1.0048738718032836914 1.1400704383850097656 1.2167572975158691406 1.2947121858596801758 1.3613727092742919922 1.4265918731689453125 1.4524914026260375977 1.4081188440322875977 1.3762128353118896484 1.1619384288787841797 1.286188960075378418 1.4672600030899047852 1.741619110107421875 2.0633399486541748047 2.3757562637329101562 2.6878600120544433594 3.104827880859375 3.9613409042358398438 5.16568756103515625 6.4948091506958007812
0.76985037326812744141 0.82252132892608642578 0.88471937179565429688 0.95266592502593994141 1.0189390182495117188 1.0812494754791259766 1.1291856765747070312 1.1563397645950317383 1.1692175865173339844 1.1485100984573364258 1.1032233238220214844 1.0465673208236694336 0.99301546812057495117 0.94448822736740112305 0.91321241855621337891 0.89739334583282470703 0.88516622781753540039 0.88358849287033081055 0.89993101358413696289 0.93664729595184326172 1.0185168981552124023 1.1444040536880493164 1.2474567890167236328 1.2988137006759643555 1.3425992727279663086 1.317026972770690918 1.2730919122695922852 1.2887313365936279297 1.0835739374160766602 1.2209734916687011719 1.5151487588882446289 1.7860693931579589844 2.0961987972259521484 2.4380896091461181641 2.7880797386169433594 3.3673365116119384766 4.4087314605712890625 5.6227478981018066406 6.39861297607421875
0.74700605869293212891 0.78871053457260131836 0.83361124992370605469 0.88167780637741088867 0.92723703384399414062 0.97311514616012573242 1.0186023712158203125 1.0610420703887939453 1.0896793603897094727 1.091335296630859375 1.0698034763336181641 1.0309747457504272461 0.98558270931243896484 0.9430701136589050293 0.91596764326095581055 0.89654999971389770508 0.88242232799530029297 0.87852835655212402344 0.885532379150390625 0.90542715787887573242 0.9424597620964050293 1.005907893180847168 1.0780282020568847656 1.1410257816314697266 1.1886018514633178711 1.1993950605392456055 1.1767804622650146484 1.1956504583358764648 1.0951364040374755859 1.1564797163009643555 1.4850029945373535156 1.8171559572219848633 2.1527881622314453125 2.4885876178741455078 2.8373050689697265625 3.4823870658874511719 4.4291157722473144531 5.4083623886108398438 6.7671537399291992188
0.71635127067565917969 0.74076163768768310547 0.77321058511734008789 0.81254440546035766602 0.84790498018264770508 0.87923580408096313477 0.91292750835418701172 0.95487755537033081055 0.9901472926139831543 1.0020985603332519531 0.99708139896392822266 0.97384184598922729492 0.94028782844543457031 0.90840643644332885742 0.88575017452239990234 0.87045770883560180664 0.86071425676345825195 0.86201053857803344727 0.87124532461166381836 0.88563543558120727539 0.90801882743835449219 0.94027107954025268555 0.98909050226211547852 1.0415121316909790039 1.0898116827011108398 1.1018525362014770508 1.0845338106155395508 1.0882472991943359375 1.1241974830627441406 1.1924073696136474609 1.4213751554489135742 1.8032649755477905273 2.1949708461761474609 2.484851837158203125 2.7542378902435302734 3.4024791717529296875 3.9459438323974609375 5.1512479782104492188 7.573474884033203125
0.67299902439117431641 0.68864333629608154297 0.71168607473373413086 0.74235212802886962891 0.77308028936386108398 0.80180203914642333984 0.83154076337814331055 0.86786741018295288086 0.89264851808547973633 0.90830618143081665039 0.90359044075012207031 0.88023221492767333984 0.85490429401397705078 0.83184230327606201172 0.81437253952026367188 0.81487029790878295898 0.81195646524429321289 0.81911855936050415039 0.8354752659797668457 0.85553240776062011719 0.87766146659851074219 0.90631306171417236328 0.94424766302108764648 0.98360198736190795898 1.0305522680282592773 1.042870640754699707 1.0176944732666015625 1.0082525014877319336 1.0438070297241210938 1.1652089357376098633 1.4363687038421630859 1.8163228034973144531 2.1762700080871582031 2.4138104915618896484 2.6018037796020507812 3.0301909446716308594 3.8231015205383300781 5.035617828369140625 5.9891486167907714844
